1.000000000 0.000000000 0.000000000 0.000000000 0.000000000 1.000000000 0.000000000 0.000000000 0.000000000 0.000000000 1.000000000 0.000000000
0.999999762 0.000090927 -0.000706412 -0.000135410 -0.000090598 0.999999881 0.000464917 -0.000055360 0.000706454 -0.000464853 0.999999642 -0.000276834
1.000000000 -0.000194945 -0.000059246 -0.000025238 0.000194940 1.000000000 -0.000080246 0.000009936 0.000059262 0.000080234 1.000000000 0.000025065
0.999999762 0.000546566 0.000398939 0.000054670 -0.000546642 0.999999821 0.000188946 0.000121372 -0.000398836 -0.000189164 0.999999881 -0.000374142
0.999999821 0.000576138 0.000028672 0.000135615 -0.000576146 0.999999821 0.000282992 0.000088651 -0.000028509 -0.000283009 0.999999940 -0.000373047
1.000000000 0.000036594 -0.000166376 -0.000039037 -0.000036577 1.000000000 0.000103646 0.000022207 0.000166380 -0.000103640 1.000000000 -0.000217133
0.999999404 0.001019113 0.000400104 0.000163186 -0.001019237 0.999999404 0.000309846 0.000068924 -0.000399788 -0.000310253 0.999999881 -0.000170336
0.999995887 0.002823963 0.000550117 0.000244706 -0.002824080 0.999996006 0.000213015 0.000216605 -0.000549513 -0.000214568 0.999999821 0.000009220
0.999999940 0.000268984 -0.000034541 -0.000021556 -0.000268986 0.999999940 -0.000039092 0.000121508 0.000034531 0.000039101 1.000000000 -0.000020996
0.999999821 0.000440964 -0.000355654 0.000019578 -0.000440820 0.999999821 0.000404655 -0.000051209 0.000355833 -0.000404498 0.999999881 0.000216538
0.999999940 -0.000137714 -0.000206053 -0.000163324 0.000137741 1.000000000 0.000131861 0.000093426 0.000206035 -0.000131889 0.999999940 -0.000208375
1.000000000 0.000040615 -0.000097681 -0.000098699 -0.000040593 1.000000000 0.000222907 0.000140856 0.000097690 -0.000222903 1.000000000 0.000039927
0.999999762 -0.000086082 -0.000661844 -0.000227789 0.000086116 1.000000000 0.000051984 0.000085828 0.000661839 -0.000052041 0.999999762 -0.000084377
0.999999881 0.000525442 -0.000055291 0.000050936 -0.000525435 0.999999881 0.000129333 0.000131563 0.000055359 -0.000129304 1.000000000 -0.000360497
0.999999881 -0.000535829 -0.000032433 -0.000022133 0.000535828 0.999999881 -0.000043362 0.000041205 0.000032456 0.000043345 1.000000000 -0.000025081
0.999999523 -0.000629880 -0.000712795 -0.000225798 0.000630004 0.999999762 0.000172490 0.000110036 0.000712687 -0.000172939 0.999999702 -0.000270514
0.999999940 0.000230495 -0.000211584 0.000050987 -0.000230471 0.999999940 0.000111760 0.000140743 0.000211610 -0.000111711 1.000000000 -0.000478219
0.999999583 -0.000724073 -0.000599066 -0.000255300 0.000724168 0.999999702 0.000156907 0.000038978 0.000598952 -0.000157341 0.999999821 0.000100485
1.000000000 0.000006346 0.000019542 -0.000039514 -0.000006348 1.000000000 0.000103907 0.000033029 -0.000019541 -0.000103907 1.000000000 0.000083884
0.999999940 -0.000337129 -0.000091187 -0.000054350 0.000337125 0.999999940 -0.000040800 0.000105940 0.000091201 0.000040770 1.000000000 -0.000064484
0.999998927 0.001425905 0.000364980 -0.000084337 -0.001425982 0.999998987 0.000208795 0.000133168 -0.000364682 -0.000209315 0.999999940 -0.000452255
0.999999344 0.001114749 0.000304183 0.000048273 -0.001114741 0.999999404 -0.000024617 0.000171780 -0.000304210 0.000024277 0.999999940 -0.000273722
0.999999464 0.000915082 0.000431328 0.000106871 -0.000915112 0.999999583 0.000067634 0.000191931 -0.000431266 -0.000068029 0.999999881 -0.000372657
0.999999046 0.001300519 0.000457326 0.000056354 -0.001300417 0.999999106 -0.000222893 0.000212079 -0.000457615 0.000222299 0.999999881 -0.000645800
0.999998450 0.001653238 0.000558364 0.000181821 -0.001653253 0.999998629 0.000025960 0.000221651 -0.000558321 -0.000026884 0.999999821 -0.000256145
1.000000000 -0.000100086 -0.000178423 -0.000107296 0.000100073 1.000000000 -0.000073463 -0.000039777 0.000178430 0.000073445 1.000000000 -0.000163687
0.999999166 0.001250285 0.000384404 0.000005546 -0.001250311 0.999999225 0.000066058 0.000185989 -0.000384322 -0.000066538 0.999999940 -0.000896371
0.999999344 0.001102298 0.000210142 0.000080934 -0.001102318 0.999999404 0.000098987 0.000125877 -0.000210032 -0.000099219 1.000000000 0.000057421
0.999996901 0.002406621 0.000666093 0.000274958 -0.002406808 0.999997079 0.000280302 0.000179344 -0.000665416 -0.000281904 0.999999762 -0.000341230
0.999999702 0.000773916 0.000234366 0.000050706 -0.000773907 0.999999702 -0.000036875 0.000085439 -0.000234394 0.000036693 1.000000000 -0.000326678
0.999999762 0.000598984 0.000242979 -0.000006250 -0.000598935 0.999999821 -0.000201878 -0.000113183 -0.000243100 0.000201733 0.999999940 0.000214291
0.999999762 0.000620283 0.000204843 -0.000033803 -0.000620240 0.999999762 -0.000210318 -0.000200963 -0.000204973 0.000210191 0.999999940 0.000006428
0.999998868 0.000905168 0.001180878 0.000235524 -0.000903974 0.999999106 -0.001010852 -0.000276743 -0.001181792 0.001009783 0.999998808 0.000098930
0.999997318 -0.002006335 0.001138727 -0.000263409 0.002006654 0.999997973 -0.000279101 -0.000533323 -0.001138165 0.000281385 0.999999285 0.000124797
0.999998212 -0.001434104 0.001232460 -0.000297072 0.001435186 0.999998569 -0.000877475 -0.000619068 -0.001231200 0.000879243 0.999998868 -0.000194163
0.999988854 -0.004206219 -0.002136244 -0.000396753 0.004199362 0.999986053 -0.003204065 -0.001814725 0.002149691 0.003195058 0.999992609 -0.001832164
0.999997020 -0.002255027 -0.000946158 0.000009303 0.002251424 0.999990284 -0.003791744 -0.002756107 0.000954699 0.003789602 0.999992371 -0.002136321
0.999940217 0.008436356 0.006954908 0.000841579 -0.008419901 0.999961674 -0.002391892 -0.004433423 -0.006974821 0.002333190 0.999972939 -0.005204568
0.999896348 0.010501060 0.009850133 0.002083399 -0.010497663 0.999944806 -0.000396497 -0.007149424 -0.009853753 0.000293053 0.999951422 -0.006328789
0.999698937 0.009881607 0.022457391 0.003119235 -0.010087683 0.999907851 0.009081625 -0.016693160 -0.022365581 -0.009305434 0.999706566 -0.008301864
0.999741554 0.007222717 0.021555061 0.003145318 -0.007607699 0.999812067 0.017832169 -0.019756196 -0.021422213 -0.017991547 0.999608636 -0.011060796
0.999554157 0.000560734 0.029852586 0.005622065 -0.001679446 0.999296606 0.037462682 -0.024400117 -0.029810581 -0.037496112 0.998852015 -0.012590871
0.999198794 0.000711191 0.040015504 0.009651723 -0.002588678 0.998896837 0.046886750 -0.032273155 -0.039938014 -0.046952773 0.998098373 -0.016303901
0.998999119 0.002058522 0.044682175 0.011221156 -0.004204065 0.998839557 0.047977146 -0.040460203 -0.044531565 -0.048116975 0.997848511 -0.020170406
0.998135626 0.001180803 0.061022133 0.013548024 -0.004234693 0.998743236 0.049940549 -0.066975549 -0.060886458 -0.050105855 0.996886253 -0.029523706
0.997449577 -0.001863502 0.071352027 0.013962202 -0.002134774 0.998433053 0.055918690 -0.087231331 -0.071344413 -0.055928379 0.995882511 -0.034887984
0.996282220 -0.005946788 0.085943058 0.012744150 0.000451094 0.997960985 0.063824184 -0.141741693 -0.086147383 -0.063548148 0.994253635 -0.048005879
0.994883060 -0.009730476 0.100563675 0.011429736 0.002515513 0.997428477 0.071624391 -0.195952430 -0.101002030 -0.071004920 0.992349207 -0.060489208
0.993256688 -0.013623301 0.115132049 0.010083647 0.004462979 0.996828854 0.079449758 -0.250259995 -0.115849346 -0.078400172 0.990167856 -0.072540812
0.991403878 -0.017624144 0.129644036 0.008712584 0.006292934 0.996162355 0.087298051 -0.304661185 -0.130685046 -0.085731775 0.987710238 -0.084159568
0.989325166 -0.021731852 0.144095391 0.007323282 0.008004847 0.995429158 0.095166989 -0.359152734 -0.145504892 -0.092997625 0.984976947 -0.095344409
0.987020910 -0.025945246 0.158482000 0.005922455 0.009598224 0.994629562 0.103054337 -0.413731456 -0.160304621 -0.100195639 0.981969059 -0.106094480
0.984491944 -0.030263115 0.172799692 0.004516834 0.011072619 0.993763506 0.110957809 -0.468393862 -0.175079927 -0.107323721 0.978687167 -0.116408989
0.984850049 -0.033486083 0.170144200 -0.016623940 0.019708751 0.996435165 0.082027718 -0.441785246 -0.172284499 -0.077431679 0.981999099 -0.110385917
