1.000000000 0.000000000 0.000000000 0.000000000 0.000000000 1.000000000 0.000000000 0.000000000 0.000000000 0.000000000 1.000000000 0.000000000
0.999999583 -0.000446103 -0.000798022 -0.000341671 0.000446316 0.999999881 0.000266329 -0.000057655 0.000797903 -0.000266685 0.999999642 -0.000069578
0.999999940 0.000259461 0.000294399 0.000091920 -0.000259484 0.999999940 0.000077990 0.000047323 -0.000294379 -0.000078066 0.999999940 0.000178211
1.000000000 0.000225429 0.000027241 0.000061483 -0.000225433 0.999999940 0.000140526 0.000017110 -0.000027209 -0.000140532 1.000000000 0.000013341
0.999999762 0.000605003 0.000304964 0.000099239 -0.000605043 0.999999821 0.000129536 0.000083408 -0.000304886 -0.000129720 0.999999940 0.000207455
0.999999881 -0.000120087 -0.000420148 -0.000095463 0.000120165 1.000000000 0.000184891 0.000069789 0.000420126 -0.000184941 0.999999881 0.000160567
0.999999881 -0.000436913 -0.000271724 -0.000310600 0.000436882 0.999999881 -0.000113946 0.000122015 0.000271773 0.000113827 0.999999940 0.000859141
0.999999583 -0.000589471 -0.000662375 -0.000443305 0.000589426 0.999999821 -0.000067149 0.000096635 0.000662415 0.000066759 0.999999762 0.000425154
1.000000000 0.000205892 -0.000016228 -0.000103337 -0.000205893 1.000000000 -0.000075742 0.000099358 0.000016212 0.000075745 1.000000000 0.000039058
0.999999464 -0.000804941 -0.000639374 -0.000393563 0.000804939 0.999999702 -0.000004109 0.000034630 0.000639377 0.000003595 0.999999821 0.000299898
0.999999404 -0.000940956 -0.000556997 -0.000371771 0.000940970 0.999999583 0.000024727 -0.000000896 0.000556974 -0.000025251 0.999999821 0.000243180
0.999999940 -0.000056572 -0.000371369 0.000008753 0.000056624 1.000000000 0.000138899 -0.000029200 0.000371362 -0.000138920 0.999999940 0.000564557
0.999998450 0.001592740 0.000741329 -0.000033910 -0.001592655 0.999998748 -0.000115392 0.000128254 -0.000741512 0.000114211 0.999999702 0.000407333
0.999999106 0.001312375 0.000268382 0.000078909 -0.001312364 0.999999166 -0.000039098 0.000124013 -0.000268433 0.000038746 0.999999940 0.000053926
0.999999881 0.000396009 0.000210662 -0.000178115 -0.000395982 0.999999940 -0.000130364 0.000046005 -0.000210713 0.000130281 0.999999940 -0.000038057
0.999999762 0.000670294 0.000139610 0.000071122 -0.000670283 0.999999762 -0.000081756 0.000055570 -0.000139664 0.000081662 1.000000000 0.000363040
0.999999940 0.000337079 0.000174365 0.000069275 -0.000337052 0.999999940 -0.000154009 -0.000093939 -0.000174417 0.000153950 1.000000000 0.000170075
0.999999940 0.000268720 0.000124995 -0.000010346 -0.000268684 0.999999940 -0.000286822 -0.000321330 -0.000125072 0.000286788 0.999999940 0.000399536
0.999997377 -0.001941200 0.001196341 -0.000268099 0.001942465 0.999997556 -0.001057392 -0.000970696 -0.001194285 0.001059713 0.999998748 0.000564107
0.999985814 0.003742860 0.003794358 0.000608908 -0.003727322 0.999984682 -0.004093968 -0.002945260 -0.003809623 0.004079767 0.999984443 -0.002381046
0.999800920 0.010425340 0.017013891 0.002444143 -0.010478633 0.999940455 0.003046137 -0.012159121 -0.016981119 -0.003223813 0.999850631 -0.007245422
0.999666631 0.003713982 0.025549475 0.004137545 -0.004422255 0.999605894 0.027721206 -0.022264523 -0.025436450 -0.027824951 0.999289155 -0.011632825
0.999205172 0.000203823 0.039862052 0.009373991 -0.002068443 0.998904884 0.046741176 -0.032548517 -0.039808869 -0.046786476 0.998111367 -0.016340625
0.998725474 0.001162953 0.050458599 0.012050509 -0.003547137 0.998879790 0.047186539 -0.051049419 -0.050347190 -0.047305383 0.997610807 -0.022448190
0.996958375 -0.007087877 0.077612273 0.013520244 0.002357726 0.998143017 0.060868733 -0.111319005 -0.077899560 -0.060500607 0.995123923 -0.037087664
0.995784342 -0.005499628 0.091559783 0.011100944 -0.000263880 0.998025000 0.062817261 -0.171513706 -0.091724403 -0.062576607 0.993816257 -0.053106062
0.992167652 0.017879881 0.123627022 0.006434345 -0.024658587 0.998262227 0.053521004 -0.265255213 -0.122455239 -0.056150280 0.990884364 -0.075870246
0.989277899 0.034426387 0.141929954 -0.000047270 -0.033417005 0.999396384 -0.009490002 -0.370003521 -0.142170995 0.004645374 0.989831209 -0.099294588
0.988866866 0.014821571 0.148062572 0.000032044 -0.010330529 0.999464273 -0.031055186 -0.386923760 -0.148443535 0.029179880 0.988490343 -0.100557499
0.987966776 0.015589383 0.153878510 0.005200979 -0.013776644 0.999822676 -0.012839681 -0.357641220 -0.154051378 0.010565246 0.988006353 -0.089213505
0.989149153 0.015725916 0.146071091 0.018792380 -0.022807967 0.998637438 0.046935987 -0.265824646 -0.145133942 -0.049758270 0.988160074 -0.061842021
0.991215050 -0.009441764 0.131923318 0.026588500 -0.006679151 0.992602527 0.121224925 -0.154068887 -0.132092014 -0.121041082 0.983819485 -0.036691174
0.992323697 -0.032494538 0.119321764 0.032695506 0.015786713 0.990252733 0.138384402 -0.045010682 -0.122655444 -0.135438472 0.983164251 -0.013680124
0.992584705 -0.027284436 0.118453145 0.035522442 0.007088089 0.985816360 0.167677402 -0.019724060 -0.121348053 -0.165594444 0.978699744 -0.012471970
0.992040694 -0.026995335 0.122989930 0.036108080 0.003930725 0.982911646 0.184036091 -0.046312664 -0.125856340 -0.182087883 0.975194395 -0.019670453
0.989784300 -0.000587032 0.142571852 0.030879850 -0.019804159 0.989731133 0.141562656 -0.188167036 -0.141190872 -0.142940015 0.979608715 -0.050730191
0.987690032 0.018860003 0.155282542 0.027742073 -0.033827234 0.994967401 0.094316684 -0.274360597 -0.152722254 -0.098408431 0.983357370 -0.067986660
0.985318780 0.022141155 0.169282347 0.021686204 -0.027942864 0.999098241 0.031966973 -0.393767715 -0.168421924 -0.036227893 0.985049009 -0.090352640
0.985985756 0.006852329 0.166688412 0.018836653 -0.006799778 0.999976516 -0.000885983 -0.454242826 -0.166690588 -0.000259878 0.986009240 -0.103675492
0.986295938 0.003801517 0.164941877 0.021221828 -0.005823519 0.999913692 0.011777021 -0.430763721 -0.164882869 -0.012576170 0.986232996 -0.092804566
0.985553265 0.010174722 0.169060186 0.025727332 -0.018893534 0.998568416 0.050043885 -0.333118618 -0.168308988 -0.052515056 0.984334409 -0.061171025
0.985679626 0.003965540 0.168581843 0.028321100 -0.020199297 0.995301723 0.094690681 -0.250556022 -0.167414308 -0.096739903 0.981128812 -0.038547199
